200
48 56
-67 -82
86 12
87 -8
-48 -53
84 -15
46 -92
94 98
10 38
-16 -34
76 36
-94 71
-78 -65
21 27
22 -36
-69 -44
0 34
14 98
-38 -52
39 -73
37 -84
-29 -71
-60 -1
-65 -19
57 66
17 28
-100 -40
-11 87
34 85
-28 -40
99 -53
21 -9
-12 -3
29 -2
5 -31
-34 -52
-55 66
-89 -56
83 81
97 -46
-51 89
-81 79
-32 38
89 8
-4 -95
63 44
76 25
-84 5
94 -93
-21 3
-33 -82
55 71
33 -18
38 -74
-22 -39
95 74
-98 -60
-75 -67
-65 26
-20 -44
-83 -4
-13 -90
90 -27
-52 -84
13 -16
57 48
-76 -97
-8 41
-43 -22
74 -23
20 44
-19 56
-2 -54
100 -5
-91 -74
80 -58
51 -69
-18 77
20 -62
-61 -56
49 -7
43 -76
20 53
0 29
-12 -73
10 82
-79 14
-35 -66
-7 47
-7 -50
-19 -67
-27 -24
58 -42
31 -29
-20 -49
-84 44
71 -75
11 2
-46 34
-19 -69
35 14
46 -30
68 -26
5 14
-63 -39
99 36
-76 41
80 -61
63 -68
-58 -33
-83 -55
89 95
19 41
-45 -70
-3 -64
-63 100
85 73
5 0
-17 67
-57 -35
75 -19
60 68
-68 90
45 -49
-29 2
-32 -98
-86 -11
-65 52
82 40
-78 -42
-50 66
8 69
-42 4
-28 39
-89 -1
93 -80
-50 -87
33 -74
12 -15
-43 44
80 -82
-95 -7
2 -36
59 50
68 48
-76 -64
33 -93
24 15
78 71
57 -98
72 -90
-82 16
-97 -66
-47 -41
-34 43
-82 34
0 -91
85 39
-34 12
96 27
-49 88
-49 -16
18 -8
82 -81
-1 17
67 -52
-76 78
-17 -27
18 58
7 -57
37 -49
-86 -46
64 -22
38 -20
78 82
98 42
52 -93
18 39
-13 -62
37 -98
10 27
23 -19
-87 -72
-79 91
49 13
99 57
84 -73
-3 27
8 99
55 31
1 -62
-84 -35
-97 -98
4 -23
-64 -52
-32 -35
42 100
-75 49
60 -13
-12 65
